Filetype: Flipper SubGhz Key File
Version: 1
Frequency: 433920000
Preset: FuriHalSubGhzPresetOok650Async
Latitute: 0.000000
Longitude: 0.000000
Protocol: Princeton
Bit: 24
Key: 00 00 00 00 00 52 81 14
TE: 182
